-- XEDOU AUTO-BUILDER V2.6 --
local function create(data)
    local parent = workspace
    if data.PName then 
        parent = workspace:FindFirstChild(data.PName) or Instance.new('Folder', workspace)
        parent.Name = data.PName
    end
    local part = Instance.new(data.ClassName)
    if data.ClassName == 'Part' and data.Shape then part.Shape = Enum.PartType[data.Shape] end
    part.Name = data.Name
    part.CFrame = CFrame.new(unpack(data.CF))
    part.Size = Vector3.new(unpack(data.SZ))
    part.Color = Color3.new(unpack(data.CL))
    part.Material = Enum.Material[data.MT]
    part.Transparency = data.TR or 0
    part.CanCollide = (data.CC == nil) and true or data.CC
    part.Anchored = true
    part.Parent = parent
    if data.Tex then
        for _, t in ipairs(data.Tex) do
            local tex = Instance.new(t.Type, part)
            tex.Texture = t.ID
            tex.Face = Enum.NormalId[t.Face]
            tex.Transparency = t.TR or 0
            if t.Type == 'Texture' then tex.StudsPerTileU = t.SU; tex.StudsPerTileV = t.SV end
        end
    end
end

local configs = {
    {ClassName='MeshPart', Name='MeshPart', PName='tree', CF={-107.345634, 84.6365967, -600.794128, 0.893297434, -0.0268955529, -0.448660523, 0.0176155791, 0.999536097, -0.0248453412, 0.449120611, 0.0142908636, 0.89335686}, SZ={26.628670, 13.434720, 26.940420}, CL={0.341176, 0.454902, 0.278431}, MT='SmoothPlastic', TR=0, CC=false, },
    {ClassName='MeshPart', Name='MeshPart', PName='tree', CF={-102.778419, 92.1058502, -584.971497, -0.940302253, -0.0175728947, 0.339887053, -0.0534074679, 0.99391216, -0.0963650644, -0.33612445, -0.108764783, -0.935516357}, SZ={26.069368, 13.152539, 26.374573}, CL={0.341176, 0.454902, 0.278431}, MT='SmoothPlastic', TR=0, CC=false, },
    {ClassName='MeshPart', Name='MeshPart', PName='tree', CF={-110.957703, 85.1694107, -589.218201, 0.912172675, -0.26546362, 0.312201947, 0.298023373, 0.95262444, -0.0607351698, -0.281288236, 0.148444444, 0.948072374}, SZ={26.957504, 13.434720, 31.234314}, CL={0.341176, 0.454902, 0.278431}, MT='SmoothPlastic', TR=0, CC=false, },
    {ClassName='MeshPart', Name='MeshPart', PName='tree', CF={-101.964684, 92.6815338, -598.24646, 0.530082643, -0.0126360729, 0.847851813, -0.175605536, 0.976576269, 0.124344312, -0.8295632, -0.214800239, 0.51544714}, SZ={24.257448, 12.238388, 24.541441}, CL={0.341176, 0.454902, 0.278431}, MT='SmoothPlastic', TR=0, CC=false, },
    {ClassName='MeshPart', Name='MeshPart', PName='tree', CF={-102.029922, 81.2114487, -592.218506, 0.93907392, -0.165463805, 0.301267296, 0.217934966, 0.964424253, -0.14963375, -0.265790492, 0.206173822, 0.941725969}, SZ={23.305925, 10.906919, 19.609547}, CL={0.341176, 0.454902, 0.278431}, MT='SmoothPlastic', TR=0, CC=false, },
    {ClassName='MeshPart', Name='MeshPart', PName='tree', CF={-92.7153931, 84.5491638, -581.402588, 0.933336198, 0.250821888, -0.256849945, -0.253982246, 0.966972947, 0.0213631336, 0.25372529, 0.0452963486, 0.966215134}, SZ={23.398470, 15.269839, 22.284872}, CL={0.341176, 0.454902, 0.278431}, MT='SmoothPlastic', TR=0, CC=false, },
    {ClassName='MeshPart', Name='MeshPart', PName='tree', CF={-94.1506119, 85.0314255, -598.015991, 0.433307946, 0.398393631, 0.808410048, -0.172232449, 0.917064428, -0.359623134, -0.884635687, 0.0165931135, 0.465987623}, SZ={26.628670, 13.434720, 26.940420}, CL={0.341176, 0.454902, 0.278431}, MT='SmoothPlastic', TR=0, CC=false, },
    {ClassName='MeshPart', Name='MeshPart', PName='tree', CF={-105.203369, 70.1431351, -591.419434, 0.499959469, 0, 0.866048813, 0, 1, 0, -0.866048813, 0, 0.499959469}, SZ={28.242083, 30.058718, 28.412216}, CL={0.384314, 0.321569, 0.250980}, MT='SmoothPlastic', TR=0, CC=false, },
    {ClassName='MeshPart', Name='MeshPart', PName='tree', CF={-97.7982254, 83.9812927, -577.792053, 0.214424968, 0.127969354, 0.968321264, -0.177449852, 0.979986012, -0.090216428, -0.960486233, -0.152483746, 0.232841611}, SZ={19.416197, 12.538951, 21.417641}, CL={0.341176, 0.454902, 0.278431}, MT='SmoothPlastic', TR=0, CC=false, },
    {ClassName='MeshPart', Name='MeshPart', PName='tree', CF={-106.223701, 86.0355835, -581.989258, 0.999077618, -0.0191320814, -0.0384433717, 0.0281277001, 0.968035996, 0.249229193, 0.032446295, -0.250080615, 0.967681229}, SZ={29.284725, 13.434720, 26.940420}, CL={0.341176, 0.454902, 0.278431}, MT='SmoothPlastic', TR=0, CC=false, },
    {ClassName='MeshPart', Name='MeshPart', PName='tree', CF={177.340698, 78.168457, -498.956085, 0.699645579, -0.261320561, -0.664986968, 0.217959568, 0.964413524, -0.14966704, 0.680433512, -0.0402263664, 0.73170495}, SZ={18.368195, 8.596114, 15.454951}, CL={0.454902, 0.309804, 0.254902}, MT='SmoothPlastic', TR=0, CC=false, },
    {ClassName='MeshPart', Name='MeshPart', PName='tree', CF={175.544724, 69.4451523, -500.807251, 1, 0, 0, 0, 1, 0, 0, 0, 1}, SZ={22.258549, 23.690300, 22.392637}, CL={0.384314, 0.321569, 0.250980}, MT='SmoothPlastic', TR=0, CC=false, },
    {ClassName='MeshPart', Name='MeshPart', PName='tree', CF={181.099213, 80.8679352, -505.963654, 0.0577669144, -0.0258079674, -0.997996509, 0.0176334511, 0.999536216, -0.0248271115, 0.998174369, -0.0161639377, 0.0581951737}, SZ={20.986961, 10.588361, 21.232664}, CL={0.454902, 0.309804, 0.254902}, MT='SmoothPlastic', TR=0, CC=false, },
    {ClassName='MeshPart', Name='MeshPart', PName='tree', CF={184.402695, 81.1791, -495.862671, 0.98276633, 0.184851125, 0.000678453594, -0.172247544, 0.917078733, -0.359579533, -0.0670908689, 0.353265792, 0.933114231}, SZ={20.986961, 10.588361, 21.232664}, CL={0.454902, 0.309804, 0.254902}, MT='SmoothPlastic', TR=0, CC=false, },
    {ClassName='MeshPart', Name='MeshPart', PName='tree', CF={181.480759, 87.2084198, -501.286957, 0.983456314, 0.179746673, -0.0224667918, -0.175648019, 0.976570904, 0.124326512, 0.044287689, -0.118323445, 0.99198699}, SZ={19.118124, 9.645491, 19.341944}, CL={0.454902, 0.309804, 0.254902}, MT='SmoothPlastic', TR=0, CC=false, },
    {ClassName='MeshPart', Name='MeshPart', PName='tree', CF={169.161514, 80.3514709, -490.382751, 0.938990116, 0.196097434, 0.282565594, -0.177517891, 0.979976535, -0.0901854932, -0.294592798, 0.0345228463, 0.954999089}, SZ={15.302567, 9.882376, 16.879972}, CL={0.454902, 0.309804, 0.254902}, MT='SmoothPlastic', TR=0, CC=false, },
    {ClassName='MeshPart', Name='MeshPart', PName='tree', CF={173.628815, 80.7990189, -488.336273, 0.247000575, 0.08619304, -0.965174258, -0.253973365, 0.966975331, 0.0213588104, 0.935140669, 0.239852935, 0.2607342}, SZ={18.441130, 12.034680, 17.563467}, CL={0.454902, 0.309804, 0.254902}, MT='SmoothPlastic', TR=0, CC=false, },
    {ClassName='MeshPart', Name='MeshPart', PName='tree', CF={172.099289, 86.754715, -496.611176, -0.179056168, 0.085397847, 0.980125546, -0.0533988997, 0.993913651, -0.0963544846, -0.982388616, -0.069590494, -0.173406124}, SZ={20.546156, 10.365965, 20.786699}, CL={0.454902, 0.309804, 0.254902}, MT='SmoothPlastic', TR=0, CC=false, },
    {ClassName='MeshPart', Name='MeshPart', PName='tree', CF={171.774734, 81.2878876, -503.867493, 0.699681222, -0.261310488, -0.664953411, 0.298059851, 0.952613473, -0.0607275628, 0.649312317, -0.155705974, 0.744411945}, SZ={21.246128, 10.588361, 24.616827}, CL={0.454902, 0.309804, 0.254902}, MT='SmoothPlastic', TR=0, CC=false, },
    {ClassName='MeshPart', Name='MeshPart', PName='tree', CF={168.70607, 81.9705353, -497.787567, 0.471461833, 0.206995636, -0.857249379, 0.0281080082, 0.968042314, 0.249206796, 0.881438375, -0.141587064, 0.450576782}, SZ={23.080290, 10.588361, 21.232664}, CL={0.454902, 0.309804, 0.254902}, MT='SmoothPlastic', TR=0, CC=false, },
    {ClassName='MeshPart', Name='MeshPart', PName='tree', CF={108.413094, 85.2221832, -663.320312, -0.453340769, -0.192373872, 0.870330393, -0.175682336, 0.976562381, 0.12434496, -0.87385267, -0.0965310335, -0.476512313}, SZ={19.118124, 9.645493, 19.341948}, CL={0.450980, 0.454902, 0.164706}, MT='SmoothPlastic', TR=0, CC=false, },
    {ClassName='MeshPart', Name='MeshPart', PName='tree', CF={112.50174, 76.1822357, -660.90033, 0.239392877, 0.0957905427, 0.966185927, 0.217968047, 0.96441865, -0.149621487, -0.946140051, 0.246415973, 0.209995627}, SZ={18.368196, 8.596116, 15.454955}, CL={0.450980, 0.454902, 0.164706}, MT='SmoothPlastic', TR=0, CC=false, },
    {ClassName='MeshPart', Name='MeshPart', PName='tree', CF={111.649643, 79.1928864, -668.562927, -0.549466848, 0.213566497, 0.807760119, -0.172167733, 0.917090654, -0.359587312, -0.817585111, -0.336651325, -0.467141628}, SZ={20.986965, 10.588363, 21.232668}, CL={0.450980, 0.454902, 0.164706}, MT='SmoothPlastic', TR=0, CC=false, },
    {ClassName='MeshPart', Name='MeshPart', PName='tree', CF={123.554626, 78.8128281, -662.995728, 0.686375856, 0.164626852, 0.708368778, -0.25398159, 0.966972947, 0.0213690251, -0.681455493, -0.19457978, 0.70551908}, SZ={18.441133, 12.034683, 17.563471}, CL={0.450980, 0.454902, 0.164706}, MT='SmoothPlastic', TR=0, CC=false, },
    {ClassName='MeshPart', Name='MeshPart', PName='tree', CF={117.153183, 84.7684937, -657.533691, -0.761224866, -0.102975532, -0.640260339, -0.0534109026, 0.993913174, -0.0963530764, 0.646285176, -0.0391494557, -0.762091517}, SZ={20.546160, 10.365966, 20.786703}, CL={0.450980, 0.454902, 0.164706}, MT='SmoothPlastic', TR=0, CC=false, },
    {ClassName='MeshPart', Name='MeshPart', PName='tree', CF={111.031425, 79.301651, -653.62439, 0.212432563, -0.00420571864, 0.977166712, 0.298037052, 0.95262289, -0.0606921166, -0.930616081, 0.304124832, 0.203621566}, SZ={21.246132, 10.588363, 24.616831}, CL={0.450980, 0.454902, 0.164706}, MT='SmoothPlastic', TR=0, CC=false, },
    {ClassName='MeshPart', Name='MeshPart', PName='tree', CF={111.796638, 67.4589233, -658.419434, -0.500045776, 0, 0.865998983, 0, 1, 0, -0.865998983, 0, -0.500045776}, SZ={22.258551, 23.690304, 22.392639}, CL={0.384314, 0.321569, 0.250980}, MT='SmoothPlastic', TR=0, CC=false, },
    {ClassName='MeshPart', Name='MeshPart', PName='tree', CF={117.831055, 79.984314, -654.006897, 0.527570963, -0.226172179, 0.818849862, 0.0280876085, 0.968024373, 0.249278903, -0.849046528, -0.108512767, 0.517054141}, SZ={23.080294, 10.588363, 21.232668}, CL={0.450980, 0.454902, 0.164706}, MT='SmoothPlastic', TR=0, CC=false, },
    {ClassName='MeshPart', Name='MeshPart', PName='tree', CF={124.016022, 78.3652649, -658.103699, -0.724603891, -0.0681224465, 0.68579042, -0.177483231, 0.979983091, -0.090182364, -0.665919542, -0.1870628, -0.722190142}, SZ={15.302568, 9.882377, 16.879974}, CL={0.450980, 0.454902, 0.164706}, MT='SmoothPlastic', TR=0, CC=false, },
    {ClassName='MeshPart', Name='MeshPart', PName='tree', CF={104.553749, 78.8816986, -660.651489, 0.835586846, -0.00107849855, 0.549357295, 0.0176090933, 0.999536812, -0.0248215999, -0.54907608, 0.0304142851, 0.835218787}, SZ={20.986965, 10.588363, 21.232668}, CL={0.450980, 0.454902, 0.164706}, MT='SmoothPlastic', TR=0, CC=false, },
    {ClassName='MeshPart', Name='MeshPart', PName='tree', CF={-81.7033157, 69.0510254, -356.893188, -0.500045776, 0, 0.865998983, 0, 1, 0, -0.865998983, 0, -0.500045776}, SZ={25.250315, 26.874508, 25.402426}, CL={0.384314, 0.321569, 0.250980}, MT='SmoothPlastic', TR=0, CC=false, },
    {ClassName='MeshPart', Name='MeshPart', PName='tree', CF={-74.8577652, 83.2599335, -351.887543, 0.527570963, -0.226172179, 0.818849862, 0.0280876085, 0.968024373, 0.249278903, -0.849046528, -0.108512767, 0.517054141}, SZ={26.182507, 12.011540, 24.086542}, CL={0.450980, 0.454902, 0.164706}, MT='SmoothPlastic', TR=0, CC=false, },
    {ClassName='MeshPart', Name='MeshPart', PName='tree', CF={-75.6267319, 88.687149, -355.888367, -0.761224866, -0.102975532, -0.640260339, -0.0534109026, 0.993913174, -0.0963530764, 0.646285176, -0.0391494557, -0.762091517}, SZ={23.307762, 11.759252, 23.580635}, CL={0.450980, 0.454902, 0.164706}, MT='SmoothPlastic', TR=0, CC=false, },
    {ClassName='MeshPart', Name='MeshPart', PName='tree', CF={-89.9196625, 82.0091324, -359.425323, 0.835586846, -0.00107849855, 0.549357295, 0.0176090933, 0.999536812, -0.0248215999, -0.54907608, 0.0304142851, 0.835218787}, SZ={23.807816, 12.011540, 24.086542}, CL={0.450980, 0.454902, 0.164706}, MT='SmoothPlastic', TR=0, CC=false, },
    {ClassName='MeshPart', Name='MeshPart', PName='tree', CF={-81.8700104, 82.3621216, -368.400085, -0.549466848, 0.213566497, 0.807760119, -0.172167733, 0.917090654, -0.359587312, -0.817585111, -0.336651325, -0.467141628}, SZ={23.807816, 12.011540, 24.086542}, CL={0.450980, 0.454902, 0.164706}, MT='SmoothPlastic', TR=0, CC=false, },
    {ClassName='MeshPart', Name='MeshPart', PName='tree', CF={-68.3648682, 81.9309616, -362.084595, 0.686375856, 0.164626852, 0.708368778, -0.25398159, 0.966972947, 0.0213690251, -0.681455493, -0.19457978, 0.70551908}, SZ={20.919800, 13.652260, 19.924170}, CL={0.450980, 0.454902, 0.164706}, MT='SmoothPlastic', TR=0, CC=false, },
    {ClassName='MeshPart', Name='MeshPart', PName='tree', CF={-82.5713272, 82.485527, -351.453644, 0.212432563, -0.00420571864, 0.977166712, 0.298037052, 0.95262289, -0.0606921166, -0.930616081, 0.304124832, 0.203621566}, SZ={24.101816, 12.011540, 27.925570}, CL={0.450980, 0.454902, 0.164706}, MT='SmoothPlastic', TR=0, CC=false, },
    {ClassName='MeshPart', Name='MeshPart', PName='tree', CF={-67.8414764, 81.4232559, -356.535004, -0.724603891, -0.0681224465, 0.68579042, -0.177483231, 0.979983091, -0.090182364, -0.665919542, -0.1870628, -0.722190142}, SZ={17.359381, 11.210663, 19.148806}, CL={0.450980, 0.454902, 0.164706}, MT='SmoothPlastic', TR=0, CC=false, },
    {ClassName='MeshPart', Name='MeshPart', PName='tree', CF={-80.9034042, 78.9468307, -359.70755, 0.239392877, 0.0957905427, 0.966185927, 0.217968047, 0.96441865, -0.149621487, -0.946140051, 0.246415973, 0.209995627}, SZ={20.837059, 9.751516, 17.532249}, CL={0.450980, 0.454902, 0.164706}, MT='SmoothPlastic', TR=0, CC=false, },
    {ClassName='MeshPart', Name='MeshPart', PName='tree', CF={-85.5415726, 89.2018433, -362.452789, -0.453340769, -0.192373872, 0.870330393, -0.175682336, 0.976562381, 0.12434496, -0.87385267, -0.0965310335, -0.476512313}, SZ={21.687784, 10.941939, 21.941692}, CL={0.450980, 0.454902, 0.164706}, MT='SmoothPlastic', TR=0, CC=false, },
    {ClassName='MeshPart', Name='MeshPart', PName='tree', CF={119.482628, 82.4768143, -348.515564, 0.975888908, 0.187068582, 0.112455443, -0.177460402, 0.979986012, -0.0901954323, -0.12707749, 0.068064332, 0.989554703}, SZ={15.713926, 10.148029, 17.333738}, CL={0.450980, 0.454902, 0.164706}, MT='SmoothPlastic', TR=0, CC=false, },
    {ClassName='MeshPart', Name='MeshPart', PName='tree', CF={120.342422, 84.1394272, -356.084991, 0.311269343, 0.228491277, -0.922444165, 0.0280850753, 0.96802932, 0.249259859, 0.949906647, -0.103493862, 0.294900656}, SZ={23.700731, 10.872995, 21.803436}, CL={0.450980, 0.454902, 0.164706}, MT='SmoothPlastic', TR=0, CC=false, },
    {ClassName='MeshPart', Name='MeshPart', PName='tree', CF={124.529739, 83.4384308, -361.686279, 0.576343298, -0.230268806, -0.78409487, 0.298010975, 0.952629745, -0.0607124195, 0.760932267, -0.198677659, 0.617664337}, SZ={21.817263, 10.872995, 25.278570}, CL={0.450980, 0.454902, 0.164706}, MT='SmoothPlastic', TR=0, CC=false, },
    {ClassName='MeshPart', Name='MeshPart', PName='tree', CF={135.872818, 83.3267365, -351.339569, 0.979481399, 0.120658487, -0.161424145, -0.172231048, 0.917086661, -0.359567136, 0.104655102, 0.379991561, 0.919050455}, SZ={21.551132, 10.872995, 21.803436}, CL={0.450980, 0.454902, 0.164706}, MT='SmoothPlastic', TR=0, CC=false, },
    {ClassName='MeshPart', Name='MeshPart', PName='tree', CF={123.635437, 82.936409, -345.649475, 0.0808566213, 0.0432350114, -0.995787561, -0.254066259, 0.966951072, 0.0213531479, 0.963801086, 0.25126946, 0.0891689062}, SZ={18.936863, 12.358195, 18.035604}, CL={0.450980, 0.454902, 0.164706}, MT='SmoothPlastic', TR=0, CC=false, },
    {ClassName='MeshPart', Name='MeshPart', PName='tree', CF={123.56411, 89.0522003, -354.290344, -0.00575733185, 0.0962092951, 0.99534452, -0.0533572212, 0.993913472, -0.0963796079, -0.998558879, -0.0536637008, -0.00058889389}, SZ={21.098476, 10.644620, 21.345482}, CL={0.450980, 0.454902, 0.164706}, MT='SmoothPlastic', TR=0, CC=false, },
    {ClassName='MeshPart', Name='MeshPart', PName='tree', CF={133.885086, 89.5181351, -357.346069, 0.960843027, 0.197528809, -0.194327176, -0.175622672, 0.976577818, 0.12430805, 0.214330018, -0.0853122622, 0.973028481}, SZ={19.632051, 9.904779, 19.861893}, CL={0.450980, 0.454902, 0.164706}, MT='SmoothPlastic', TR=0, CC=false, },
    {ClassName='MeshPart', Name='MeshPart', PName='tree', CF={127.796616, 71.2773438, -357.919403, 0.984812498, -0, -0.173621148, 0, 1, -0, 0.173621148, 0, 0.984812498}, SZ={22.856897, 24.327137, 22.994593}, CL={0.384314, 0.321569, 0.250980}, MT='SmoothPlastic', TR=0, CC=false, },
    {ClassName='MeshPart', Name='MeshPart', PName='tree', CF={129.282745, 80.2351532, -355.727142, 0.570900321, -0.250299841, -0.781935275, 0.217955217, 0.964427292, -0.149584368, 0.791560709, -0.0850291103, 0.60514605}, SZ={18.861965, 8.827193, 15.870412}, CL={0.450980, 0.454902, 0.164706}, MT='SmoothPlastic', TR=0, CC=false, },
    {ClassName='MeshPart', Name='MeshPart', PName='tree', CF={134.333145, 83.0072098, -362.143524, -0.116511345, -0.0226526912, -0.992930889, 0.0176229756, 0.999535322, -0.0248712581, 0.993032932, -0.0203961823, -0.116057992}, SZ={21.551132, 10.872995, 21.803436}, CL={0.450980, 0.454902, 0.164706}, MT='SmoothPlastic', TR=0, CC=false, },
    {ClassName='MeshPart', Name='MeshPart', PName='tree', CF={147.544724, 71.4030457, -685.307251, 0.965929627, 0, 0.258804798, 0, 1, 0, -0.258804798, 0, 0.965929627}, SZ={30.635496, 32.606083, 30.820049}, CL={0.384314, 0.321569, 0.250980}, MT='SmoothPlastic', TR=0, CC=false, },
    {ClassName='MeshPart', Name='MeshPart', PName='tree', CF={155.265488, 95.8514786, -688.059509, 0.961410344, 0.143025845, 0.235018507, -0.17566815, 0.976569712, 0.124307044, -0.211732849, -0.160795346, 0.964009345}, SZ={26.313181, 13.275547, 26.621237}, CL={0.454902, 0.309804, 0.254902}, MT='SmoothPlastic', TR=0, CC=false, },
    {ClassName='MeshPart', Name='MeshPart', PName='tree', CF={153.092285, 87.1247635, -694.141052, 0.314113915, -0.029131256, -0.948938251, 0.0176090486, 0.999535978, -0.0248556659, 0.949221969, -0.00890238956, 0.314481139}, SZ={28.885353, 14.573263, 29.223524}, CL={0.454902, 0.309804, 0.254902}, MT='SmoothPlastic', TR=0, CC=false, },
    {ClassName='MeshPart', Name='MeshPart', PName='tree', CF={161.082352, 87.5530396, -681.889099, 0.931922436, 0.269944459, 0.242178738, -0.172208101, 0.917091489, -0.359565854, -0.319162846, 0.293382347, 0.901144803}, SZ={28.885353, 14.573263, 29.223524}, CL={0.454902, 0.309804, 0.254902}, MT='SmoothPlastic', TR=0, CC=false, },
    {ClassName='MeshPart', Name='MeshPart', PName='tree', CF={149.440109, 87.0299149, -668.045227, 0.48057276, 0.145328492, -0.864829063, -0.254034013, 0.966960073, 0.0213279575, 0.839354753, 0.209446371, 0.501613081}, SZ={25.381403, 16.563902, 24.173435}, CL={0.454902, 0.309804, 0.254902}, MT='SmoothPlastic', TR=0, CC=false, },
    {ClassName='MeshPart', Name='MeshPart', PName='tree', CF={142.772018, 86.4139328, -669.174561, 0.830752373, 0.198358521, 0.520100296, -0.177511469, 0.979975402, -0.0902102962, -0.527579486, -0.0173813552, 0.849327803}, SZ={21.061649, 13.601583, 23.232708}, CL={0.454902, 0.309804, 0.254902}, MT='SmoothPlastic', TR=0, CC=false, },
    {ClassName='MeshPart', Name='MeshPart', PName='tree', CF={139.528778, 88.642334, -678.856567, 0.683534086, 0.163320661, -0.71141237, 0.0281289741, 0.968028188, 0.249259293, 0.729376376, -0.19038853, 0.657086194}, SZ={31.766500, 14.573263, 29.223524}, CL={0.454902, 0.309804, 0.254902}, MT='SmoothPlastic', TR=0, CC=false, },
    {ClassName='MeshPart', Name='MeshPart', PName='tree', CF={141.442596, 87.702774, -688.032654, 0.843871474, -0.292716295, -0.449664444, 0.298071891, 0.952609301, -0.0607339032, 0.446132332, -0.0827807114, 0.891130328}, SZ={29.242056, 14.573263, 33.881306}, CL={0.454902, 0.309804, 0.254902}, MT='SmoothPlastic', TR=0, CC=false, },
    {ClassName='MeshPart', Name='MeshPart', PName='tree', CF={144.458923, 95.2270203, -678.501404, -0.427200437, 0.0644756332, 0.901855171, -0.0534153134, 0.993912339, -0.0963593274, -0.902577817, -0.0893376172, -0.42115581}, SZ={28.278650, 14.267169, 28.609722}, CL={0.454902, 0.309804, 0.254902}, MT='SmoothPlastic', TR=0, CC=false, },
    {ClassName='MeshPart', Name='MeshPart', PName='tree', CF={150.591812, 83.4093475, -683.486023, 0.851933599, -0.262785107, -0.452938378, 0.217935145, 0.964425683, -0.149624005, 0.476144373, 0.0287585557, 0.878896773}, SZ={25.281019, 11.831240, 21.271383}, CL={0.454902, 0.309804, 0.254902}, MT='SmoothPlastic', TR=0, CC=false, },
    {ClassName='MeshPart', Name='MeshPart', PName='tree', CF={125.635345, 77.1287842, -543.869507, -0.116511345, -0.0226526912, -0.992930889, 0.0176229756, 0.999535322, -0.0248712581, 0.993032932, -0.0203961823, -0.116057992}, SZ={17.601938, 8.880545, 17.808008}, CL={0.450980, 0.454902, 0.164706}, MT='SmoothPlastic', TR=0, CC=false, },
    {ClassName='MeshPart', Name='MeshPart', PName='tree', CF={117.62838, 77.4809875, -543.496033, 0.576343298, -0.230268806, -0.78409487, 0.298010975, 0.952629745, -0.0607124195, 0.760932267, -0.198677659, 0.617664337}, SZ={17.819302, 8.880545, 20.646332}, CL={0.450980, 0.454902, 0.164706}, MT='SmoothPlastic', TR=0, CC=false, },
    {ClassName='MeshPart', Name='MeshPart', PName='tree', CF={126.892868, 77.3897552, -535.045349, 0.979481399, 0.120658487, -0.161424145, -0.172231048, 0.917086661, -0.359567136, 0.104655102, 0.379991561, 0.919050455}, SZ={17.601938, 8.880545, 17.808008}, CL={0.450980, 0.454902, 0.164706}, MT='SmoothPlastic', TR=0, CC=false, },
    {ClassName='MeshPart', Name='MeshPart', PName='tree', CF={114.208366, 78.0535278, -538.921204, 0.311269343, 0.228491277, -0.922444165, 0.0280850753, 0.96802932, 0.249259859, 0.949906647, -0.103493862, 0.294900656}, SZ={19.357628, 8.880545, 17.808008}, CL={0.450980, 0.454902, 0.164706}, MT='SmoothPlastic', TR=0, CC=false, },
    {ClassName='MeshPart', Name='MeshPart', PName='tree', CF={116.839714, 82.0660553, -537.455383, -0.00575733185, 0.0962092951, 0.99534452, -0.0533572212, 0.993913472, -0.0963796079, -0.998558879, -0.0536637008, -0.00058889389}, SZ={17.232231, 8.694018, 17.433973}, CL={0.450980, 0.454902, 0.164706}, MT='SmoothPlastic', TR=0, CC=false, },
    {ClassName='MeshPart', Name='MeshPart', PName='tree', CF={125.269386, 82.4466019, -539.951172, 0.960825205, 0.19753249, -0.194411546, -0.175617203, 0.976577818, 0.124315687, 0.214414388, -0.085303627, 0.973010659}, SZ={16.034525, 8.089752, 16.222248}, CL={0.450980, 0.454902, 0.164706}, MT='SmoothPlastic', TR=0, CC=false, },
    {ClassName='MeshPart', Name='MeshPart', PName='tree', CF={121.510399, 74.8647079, -538.628845, 0.570900321, -0.250299841, -0.781935275, 0.217955217, 0.964427292, -0.149584368, 0.791560709, -0.0850291103, 0.60514605}, SZ={15.405555, 7.209631, 12.962196}, CL={0.450980, 0.454902, 0.164706}, MT='SmoothPlastic', TR=0, CC=false, },
    {ClassName='MeshPart', Name='MeshPart', PName='tree', CF={116.897949, 77.0709686, -530.397949, 0.0808566213, 0.0432350114, -0.995787561, -0.254066259, 0.966951072, 0.0213531479, 0.963801086, 0.25126946, 0.0891689062}, SZ={15.466727, 10.093585, 14.730623}, CL={0.450980, 0.454902, 0.164706}, MT='SmoothPlastic', TR=0, CC=false, },
    {ClassName='MeshPart', Name='MeshPart', PName='tree', CF={120.296616, 67.5483932, -540.419434, 0.984812498, -0, -0.173621148, 0, 1, -0, 0.173621148, 0, 0.984812498}, SZ={18.668425, 19.869247, 18.780888}, CL={0.384314, 0.321569, 0.250980}, MT='SmoothPlastic', TR=0, CC=false, },
    {ClassName='MeshPart', Name='MeshPart', PName='tree', CF={113.506126, 76.6955872, -532.738831, 0.975888908, 0.187068582, 0.112455443, -0.177460402, 0.979986012, -0.0901954323, -0.12707749, 0.068064332, 0.989554703}, SZ={12.834387, 8.288427, 14.157372}, CL={0.450980, 0.454902, 0.164706}, MT='SmoothPlastic', TR=0, CC=false, },
    {ClassName='MeshPart', Name='MeshPart', PName='tree', CF={-152.020248, 84.2601166, -388.901733, -0.801752567, 0.0289434716, 0.596955061, 0.0175918639, 0.999536753, -0.0248356126, -0.597397327, -0.00941046234, -0.801890373}, SZ={24.936155, 12.580812, 25.228092}, CL={0.450980, 0.454902, 0.164706}, MT='SmoothPlastic', TR=0, CC=false, },
    {ClassName='MeshPart', Name='MeshPart', PName='tree', CF={-162.359161, 84.1782303, -409.163879, -0.875117779, -0.239192694, 0.42066139, -0.254039049, 0.966958582, 0.0213363655, -0.411865652, -0.0881925821, -0.906966925}, SZ={21.911266, 14.299291, 20.868450}, CL={0.450980, 0.454902, 0.164706}, MT='SmoothPlastic', TR=0, CC=false, },
    {ClassName='MeshPart', Name='MeshPart', PName='tree', CF={-155.527939, 81.0526657, -397.674652, -0.970957637, 0.198793352, -0.133125782, 0.217965066, 0.964425027, -0.149584651, 0.0986533985, -0.174257129, -0.979745865}, SZ={21.824604, 10.213676, 18.363167}, CL={0.450980, 0.454902, 0.164706}, MT='SmoothPlastic', TR=0, CC=false, },
    {ClassName='MeshPart', Name='MeshPart', PName='tree', CF={-149.996964, 85.5701981, -406.4263, -0.978269339, -0.0245659314, 0.20587945, 0.0281424597, 0.968035042, 0.249231219, -0.20542112, 0.249609113, -0.946307659}, SZ={27.423391, 12.580812, 25.228092}, CL={0.450980, 0.454902, 0.164706}, MT='SmoothPlastic', TR=0, CC=false, },
    {ClassName='MeshPart', Name='MeshPart', PName='tree', CF={-157.084595, 83.6464691, -411.667084, -0.377893686, -0.152534783, -0.913197398, -0.177452892, 0.979981661, -0.0902575552, 0.908684134, 0.127941772, -0.397396564}, SZ={18.182106, 11.741978, 20.056337}, CL={0.450980, 0.454902, 0.164706}, MT='SmoothPlastic', TR=0, CC=false, },
    {ClassName='MeshPart', Name='MeshPart', PName='tree', CF={-156.568314, 91.7937164, -392.12616, -0.666098237, -0.0248617977, -0.74545002, -0.17562528, 0.976570666, 0.124360234, 0.724892855, 0.213755935, -0.654858351}, SZ={22.715649, 11.460518, 22.981590}, CL={0.450980, 0.454902, 0.164706}, MT='SmoothPlastic', TR=0, CC=false, },
    {ClassName='MeshPart', Name='MeshPart', PName='tree', CF={-146.806717, 84.7590866, -398.989807, -0.947146535, 0.287254244, -0.142823219, 0.298070222, 0.952609479, -0.0607398972, 0.118606955, -0.100100927, -0.987882733}, SZ={25.244089, 12.580812, 29.249065}, CL={0.450980, 0.454902, 0.164706}, MT='SmoothPlastic', TR=0, CC=false, },
    {ClassName='MeshPart', Name='MeshPart', PName='tree', CF={-152.47139, 70.6878662, -397.895508, -0.642763734, 0, -0.766064942, 0, 1, 0, 0.766064942, 0, -0.642763734}, SZ={26.447020, 28.148190, 26.606340}, CL={0.384314, 0.321569, 0.250980}, MT='SmoothPlastic', TR=0, CC=false, },
    {ClassName='MeshPart', Name='MeshPart', PName='tree', CF={-153.659241, 91.254631, -404.236237, 0.867650211, -0.00159493275, -0.497172594, -0.0534006581, 0.993910909, -0.0963816643, 0.494298995, 0.110174909, 0.862281859}, SZ={24.412403, 12.316566, 24.698208}, CL={0.450980, 0.454902, 0.164706}, MT='SmoothPlastic', TR=0, CC=false, },
    {ClassName='MeshPart', Name='MeshPart', PName='tree', CF={-163.737137, 84.629837, -393.609375, -0.580367446, -0.389395386, -0.71522367, -0.172202021, 0.917092085, -0.359567225, 0.795939803, -0.0855181366, -0.599305034}, SZ={24.936155, 12.580812, 25.228092}, CL={0.450980, 0.454902, 0.164706}, MT='SmoothPlastic', TR=0, CC=false, },
    {ClassName='MeshPart', Name='MeshPart', PName='tree', CF={41.9381866, 93.484024, -408.864319, 0.983456314, 0.179746673, -0.0224667918, -0.175648019, 0.976570904, 0.124326512, 0.044287689, -0.118323445, 0.99198699}, SZ={22.201719, 11.201229, 22.461641}, CL={0.454902, 0.309804, 0.254902}, MT='SmoothPlastic', TR=0, CC=false, },
    {ClassName='MeshPart', Name='MeshPart', PName='tree', CF={45.3314247, 86.4822235, -402.565186, 0.98276633, 0.184851125, 0.000678453594, -0.172247544, 0.917078733, -0.359579533, -0.0670908689, 0.353265792, 0.933114231}, SZ={24.371986, 12.296176, 24.657318}, CL={0.454902, 0.309804, 0.254902}, MT='SmoothPlastic', TR=0, CC=false, },
    {ClassName='MeshPart', Name='MeshPart', PName='tree', CF={30.6666718, 86.6085587, -411.861053, 0.699681222, -0.261310488, -0.664953411, 0.298059851, 0.952613473, -0.0607275628, 0.649312317, -0.155705974, 0.744411945}, SZ={24.672955, 12.296176, 28.587318}, CL={0.454902, 0.309804, 0.254902}, MT='SmoothPlastic', TR=0, CC=false, },
    {ClassName='MeshPart', Name='MeshPart', PName='tree', CF={41.4951019, 86.1208649, -414.295319, 0.0577669144, -0.0258079674, -0.997996509, 0.0176334511, 0.999536216, -0.0248271115, 0.998174369, -0.0161639377, 0.0581951737}, SZ={24.371986, 12.296176, 24.657318}, CL={0.454902, 0.309804, 0.254902}, MT='SmoothPlastic', TR=0, CC=false, },
    {ClassName='MeshPart', Name='MeshPart', PName='tree', CF={35.0447235, 72.8556824, -408.307251, 1, 0, 0, 0, 1, 0, 0, 0, 1}, SZ={25.848669, 27.511351, 26.004385}, CL={0.384314, 0.321569, 0.250980}, MT='SmoothPlastic', TR=0, CC=false, },
    {ClassName='MeshPart', Name='MeshPart', PName='tree', CF={31.0435696, 92.9571381, -403.434387, -0.179056168, 0.085397847, 0.980125546, -0.0533988997, 0.993913651, -0.0963544846, -0.982388616, -0.069590494, -0.173406124}, SZ={23.860083, 12.037910, 24.139423}, CL={0.454902, 0.309804, 0.254902}, MT='SmoothPlastic', TR=0, CC=false, },
    {ClassName='MeshPart', Name='MeshPart', PName='tree', CF={32.8197937, 86.0408401, -393.82489, 0.247000575, 0.08619304, -0.965174258, -0.253973365, 0.966975331, 0.0213588104, 0.935140669, 0.239852935, 0.2607342}, SZ={21.415533, 13.975776, 20.396311}, CL={0.454902, 0.309804, 0.254902}, MT='SmoothPlastic', TR=0, CC=false, },
    {ClassName='MeshPart', Name='MeshPart', PName='tree', CF={37.1303787, 82.9859848, -406.157532, 0.699708581, -0.261322439, -0.664919913, 0.217966571, 0.964413524, -0.149656832, 0.680366457, -0.0402141288, 0.731768012}, SZ={21.330833, 9.982596, 17.947708}, CL={0.454902, 0.309804, 0.254902}, MT='SmoothPlastic', TR=0, CC=false, },
    {ClassName='MeshPart', Name='MeshPart', PName='tree', CF={27.103056, 87.4013062, -404.800507, 0.471461833, 0.206995636, -0.857249379, 0.0281080082, 0.968042314, 0.249206796, 0.881438375, -0.141587064, 0.450576782}, SZ={26.802952, 12.296176, 24.657318}, CL={0.454902, 0.309804, 0.254902}, MT='SmoothPlastic', TR=0, CC=false, },
    {ClassName='MeshPart', Name='MeshPart', PName='tree', CF={27.6319656, 85.5211029, -396.201416, 0.938990116, 0.196097434, 0.282565594, -0.177517891, 0.979976535, -0.0901854932, -0.294592798, 0.0345228463, 0.954999089}, SZ={17.770744, 11.476321, 19.602573}, CL={0.454902, 0.309804, 0.254902}, MT='SmoothPlastic', TR=0, CC=false, },
    {ClassName='MeshPart', Name='MeshPart', PName='tree', CF={-137.215393, 85.0491638, -687.402588, 0.933336198, 0.250821888, -0.256849945, -0.253982246, 0.966972947, 0.0213631336, 0.25372529, 0.0452963486, 0.966215134}, SZ={23.398470, 15.269839, 22.284872}, CL={0.341176, 0.454902, 0.278431}, MT='SmoothPlastic', TR=0, CC=false, },
    {ClassName='MeshPart', Name='MeshPart', PName='tree', CF={-151.845612, 85.1365967, -706.794128, 0.893297434, -0.0268955529, -0.448660523, 0.0176155791, 0.999536097, -0.0248453412, 0.449120611, 0.0142908636, 0.89335686}, SZ={26.628670, 13.434720, 26.940420}, CL={0.341176, 0.454902, 0.278431}, MT='SmoothPlastic', TR=0, CC=false, },
    {ClassName='MeshPart', Name='MeshPart', PName='tree', CF={-138.65062, 85.5314255, -704.015991, 0.433307946, 0.398393631, 0.808410048, -0.172232449, 0.917064428, -0.359623134, -0.884635687, 0.0165931135, 0.465987623}, SZ={26.628670, 13.434720, 26.940420}, CL={0.341176, 0.454902, 0.278431}, MT='SmoothPlastic', TR=0, CC=false, },
    {ClassName='MeshPart', Name='MeshPart', PName='tree', CF={-149.703369, 70.6431351, -697.419434, 0.499959469, 0, 0.866048813, 0, 1, 0, -0.866048813, 0, 0.499959469}, SZ={28.242083, 30.058718, 28.412216}, CL={0.384314, 0.321569, 0.250980}, MT='SmoothPlastic', TR=0, CC=false, },
    {ClassName='MeshPart', Name='MeshPart', PName='tree', CF={-147.278397, 92.6058502, -690.971497, -0.940302253, -0.0175728947, 0.339887053, -0.0534074679, 0.99391216, -0.0963650644, -0.33612445, -0.108764783, -0.935516357}, SZ={26.069368, 13.152539, 26.374573}, CL={0.341176, 0.454902, 0.278431}, MT='SmoothPlastic', TR=0, CC=false, },
    {ClassName='MeshPart', Name='MeshPart', PName='tree', CF={-146.529922, 81.711441, -698.218445, 0.93907392, -0.165463805, 0.301267296, 0.217934966, 0.964424253, -0.14963375, -0.265790492, 0.206173822, 0.941725969}, SZ={23.305925, 10.906919, 19.609547}, CL={0.341176, 0.454902, 0.278431}, MT='SmoothPlastic', TR=0, CC=false, },
    {ClassName='MeshPart', Name='MeshPart', PName='tree', CF={-150.723694, 86.5355835, -687.989197, 0.999077618, -0.0191320814, -0.0384433717, 0.0281277001, 0.968035996, 0.249229193, 0.032446295, -0.250080615, 0.967681229}, SZ={29.284725, 13.434720, 26.940420}, CL={0.341176, 0.454902, 0.278431}, MT='SmoothPlastic', TR=0, CC=false, },
    {ClassName='MeshPart', Name='MeshPart', PName='tree', CF={-155.457703, 85.6694107, -695.218201, 0.912172675, -0.26546362, 0.312201947, 0.298023373, 0.95262444, -0.0607351698, -0.281288236, 0.148444444, 0.948072374}, SZ={26.957504, 13.434720, 31.234314}, CL={0.341176, 0.454902, 0.278431}, MT='SmoothPlastic', TR=0, CC=false, },
    {ClassName='MeshPart', Name='MeshPart', PName='tree', CF={-142.298233, 84.4812927, -683.791992, 0.214424968, 0.127969354, 0.968321264, -0.177449852, 0.979986012, -0.090216428, -0.960486233, -0.152483746, 0.232841611}, SZ={19.416197, 12.538951, 21.417641}, CL={0.341176, 0.454902, 0.278431}, MT='SmoothPlastic', TR=0, CC=false, },
    {ClassName='MeshPart', Name='MeshPart', PName='tree', CF={-146.464691, 93.1815262, -704.24646, 0.530082643, -0.0126360729, 0.847851813, -0.175605536, 0.976576269, 0.124344312, -0.8295632, -0.214800239, 0.51544714}, SZ={24.257448, 12.238388, 24.541441}, CL={0.341176, 0.454902, 0.278431}, MT='SmoothPlastic', TR=0, CC=false, },
    {ClassName='MeshPart', Name='MeshPart', PName='tree', CF={-175.438553, 88.6871796, -358.587494, -0.336133361, -0.108730771, -0.935516953, -0.0533353463, 0.993917048, -0.0963548273, 0.940302968, 0.0175080486, -0.339887857}, SZ={23.307762, 11.759252, 23.580635}, CL={0.341176, 0.454902, 0.278431}, MT='SmoothPlastic', TR=0, CC=false, },
    {ClassName='MeshPart', Name='MeshPart', PName='tree', CF={-181.203369, 69.0510254, -356.419403, -0.866007447, 0, 0.500031412, 0, 1, 0, -0.500031412, 0, -0.866007447}, SZ={25.250315, 26.874508, 25.402426}, CL={0.384314, 0.321569, 0.250980}, MT='SmoothPlastic', TR=0, CC=false, },
    {ClassName='MeshPart', Name='MeshPart', PName='tree', CF={-172.247681, 81.9309921, -367.584503, 0.25365293, 0.0453241989, 0.966232836, -0.253995299, 0.966970444, 0.0213193819, -0.933352292, -0.250826329, 0.256787062}, SZ={20.919800, 13.652260, 19.924170}, CL={0.341176, 0.454902, 0.278431}, MT='SmoothPlastic', TR=0, CC=false, },
    {ClassName='MeshPart', Name='MeshPart', PName='tree', CF={-187.307266, 89.2018433, -359.315002, -0.82957387, -0.21479848, 0.515430868, -0.175611973, 0.976576805, 0.124331139, -0.530063927, 0.0126260296, -0.847863674}, SZ={21.687784, 10.941939, 21.941692}, CL={0.341176, 0.454902, 0.278431}, MT='SmoothPlastic', TR=0, CC=false, },
    {ClassName='MeshPart', Name='MeshPart', PName='tree', CF={-172.772186, 83.259964, -355.507172, 0.0323499441, -0.250088483, 0.967682421, 0.0280957893, 0.968034089, 0.24924013, -0.999081671, 0.0191249028, 0.0383422971}, SZ={26.182507, 12.011540, 24.086542}, CL={0.341176, 0.454902, 0.278431}, MT='SmoothPlastic', TR=0, CC=false, },
    {ClassName='MeshPart', Name='MeshPart', PName='tree', CF={-169.019623, 81.4232864, -363.0401, -0.960489392, -0.152557641, 0.232779518, -0.177507907, 0.979979217, -0.0901761129, -0.21436204, -0.127933413, -0.968339801}, SZ={17.359381, 11.210663, 19.148806}, CL={0.341176, 0.454902, 0.278431}, MT='SmoothPlastic', TR=0, CC=false, },
    {ClassName='MeshPart', Name='MeshPart', PName='tree', CF={-181.917816, 78.9468307, -359.256714, -0.265799642, 0.206141144, 0.941730559, 0.217977852, 0.964422107, -0.149584875, -0.939061344, 0.165516809, -0.301277161}, SZ={20.837059, 9.751516, 17.532249}, CL={0.341176, 0.454902, 0.278431}, MT='SmoothPlastic', TR=0, CC=false, },
    {ClassName='MeshPart', Name='MeshPart', PName='tree', CF={-187.101196, 82.3621292, -366.3013, -0.884636521, 0.0165736899, 0.465986788, -0.172224283, 0.917086363, -0.359571159, -0.433309555, -0.39834398, -0.808433652}, SZ={23.807816, 12.011540, 24.086542}, CL={0.341176, 0.454902, 0.278431}, MT='SmoothPlastic', TR=0, CC=false, },
    {ClassName='MeshPart', Name='MeshPart', PName='tree', CF={-179.235413, 82.4855347, -351.274628, -0.281344295, 0.148391992, 0.94806385, 0.298032343, 0.952626228, -0.0606629848, -0.91215241, 0.265486509, -0.312241673}, SZ={24.101816, 12.011540, 27.925570}, CL={0.341176, 0.454902, 0.278431}, MT='SmoothPlastic', TR=0, CC=false, },
    {ClassName='MeshPart', Name='MeshPart', PName='tree', CF={-189.585007, 82.0091248, -354.504089, 0.449088693, 0.014331135, 0.893372297, 0.017563628, 0.999536574, -0.0248632301, -0.8933146, 0.0268566515, 0.448628843}, SZ={23.807816, 12.011540, 24.086542}, CL={0.341176, 0.454902, 0.278431}, MT='SmoothPlastic', TR=0, CC=false, },
    {ClassName='MeshPart', Name='MeshPart', PName='tree', CF={-61.7620354, 83.7114716, -408.074921, 0.93907392, -0.165463805, 0.301267296, 0.217934966, 0.964424253, -0.14963375, -0.265790492, 0.206173822, 0.941725969}, SZ={23.305925, 10.906919, 19.609547}, CL={0.341176, 0.454902, 0.278431}, MT='SmoothPlastic', TR=0, CC=false, },
    {ClassName='MeshPart', Name='MeshPart', PName='tree', CF={-53.8827019, 87.5314255, -413.872467, 0.433307946, 0.398393631, 0.808410048, -0.172232449, 0.917064428, -0.359623134, -0.884635687, 0.0165931135, 0.465987623}, SZ={26.628670, 13.434720, 26.940420}, CL={0.341176, 0.454902, 0.278431}, MT='SmoothPlastic', TR=0, CC=false, },
    {ClassName='MeshPart', Name='MeshPart', PName='tree', CF={-70.689827, 87.6694565, -405.074646, 0.912172675, -0.26546362, 0.312201947, 0.298023373, 0.95262444, -0.0607351698, -0.281288236, 0.148444444, 0.948072374}, SZ={26.957504, 13.434720, 31.234314}, CL={0.341176, 0.454902, 0.278431}, MT='SmoothPlastic', TR=0, CC=false, },
    {ClassName='MeshPart', Name='MeshPart', PName='tree', CF={-52.4474831, 87.0491791, -397.259003, 0.933336198, 0.250821888, -0.256849945, -0.253982246, 0.966972947, 0.0213631336, 0.25372529, 0.0452963486, 0.966215134}, SZ={23.398470, 15.269839, 22.284872}, CL={0.341176, 0.454902, 0.278431}, MT='SmoothPlastic', TR=0, CC=false, },
    {ClassName='MeshPart', Name='MeshPart', PName='tree', CF={-64.9355011, 72.6431656, -407.275848, 0.499959469, 0, 0.866048813, 0, 1, 0, -0.866048813, 0, 0.499959469}, SZ={28.242083, 30.058718, 28.412216}, CL={0.384314, 0.321569, 0.250980}, MT='SmoothPlastic', TR=0, CC=false, },
    {ClassName='MeshPart', Name='MeshPart', PName='tree', CF={-65.9558029, 88.5356293, -397.845673, 0.999077618, -0.0191320814, -0.0384433717, 0.0281277001, 0.968035996, 0.249229193, 0.032446295, -0.250080615, 0.967681229}, SZ={29.284725, 13.434720, 26.940420}, CL={0.341176, 0.454902, 0.278431}, MT='SmoothPlastic', TR=0, CC=false, },
    {ClassName='MeshPart', Name='MeshPart', PName='tree', CF={-61.6967621, 95.1815491, -414.102936, 0.530074596, -0.0125612617, 0.847857952, -0.175680354, 0.976568162, 0.124302223, -0.829552531, -0.21484144, 0.51544714}, SZ={24.257448, 12.238388, 24.541441}, CL={0.341176, 0.454902, 0.278431}, MT='SmoothPlastic', TR=0, CC=false, },
    {ClassName='MeshPart', Name='MeshPart', PName='tree', CF={-62.5105133, 94.6058807, -400.827911, -0.940302253, -0.0175728947, 0.339887053, -0.0534074679, 0.99391216, -0.0963650644, -0.33612445, -0.108764783, -0.935516357}, SZ={26.069368, 13.152539, 26.374573}, CL={0.341176, 0.454902, 0.278431}, MT='SmoothPlastic', TR=0, CC=false, },
